4092 3928 5701 
4784 2389 5594 
3997 5681 8182 
4659 7625 8574 
4114 2762 528 
5744 8424 1462 
4671 7185 7133 
5166 1915 7365 
5140 6809 62 
4562 1691 7893 
4664 3219 254 
5716 5701 118 
6206 7989 3463 
3866 3499 3373 
4534 7456 5721 
4867 4884 1215 
4809 1117 2521 
3881 6521 4287 
6184 1441 8434 
4163 1628 4723 
5608 5793 2039 
5711 7204 4693 
5034 1419 6601 
4475 6292 4039 
6743 5125 3559 
4510 640 3360 
4315 4040 2154 
8779 8544 8513 
4692 5340 6003 
4892 4066 6287 
6028 4326 2211 
4718 6248 3947 
5792 6911 3223 
5171 2686 3150 
4111 1780 6744 
1318 7089 5419 
5771 6091 3428 
4575 4098 6207 
4934 4516 1773 
4217 4465 730 
5806 143 6784 
4711 2050 1737 
4961 716 6878 
4078 2113 7042 
2912 8091 7811 
5054 7805 4088 
6205 7851 2665 
5165 2216 8287 
2074 2751 8050 
4268 1644 3147 
2007 6103 5965 
3880 5728 4261 
4488 4112 4570 
3989 2213 943 
4915 6023 2920 
4033 7025 5088 
6086 7171 5320 
5437 3540 1490 
5707 7261 4438 
4556 5497 7382 
5996 6951 6943 
5574 2707 679 
6257 4819 5357 
5306 7793 7224 
4656 2057 278 
5518 1249 7957 
4630 1127 7441 
4584 5163 1521 
6006 1380 6661 
3994 4389 5342 
5305 1308 6917 
5470 7050 6955 
4938 6050 6322 
4652 5354 2142 
6009 8015 5174 
6108 5537 4479 
4504 3445 6472 
4721 7812 2932 
4806 2731 8431 
3998 904 5467 
3996 3082 7873 
5578 1478 3743 
5904 418 5138 
4589 4880 1533 
4034 3507 6642 
6258 7447 6569 
3487 5266 7095 
8828 6875 1947 
4922 302 5078 
4878 4226 4904 
1264 1496 2194 
3425 6695 4725 
5390 6082 7201 
4707 4332 2100 
6100 6134 5315 
4133 4108 4671 
5773 1004 917 
4595 674 4514 
4302 8450 7927 
6214 7496 6611 
4118 6642 8894 
4289 6150 2801 
7767 1890 6134 
5669 6253 2705 
1899 3883 6445 
4203 4562 7495 
3186 6033 1019 
4127 4132 4042 
5175 6082 6601 
5397 1516 2837 
5104 7268 1615 
5667 3531 5696 
4889 7371 4836 
5978 1870 7177 
4211 7727 5989 
4951 4930 4974 
5401 5802 4101 
5697 7221 2700 
4230 4860 3571 
4374 4395 765 
6143 8459 4731 
5710 7037 5093 
4696 2550 562 
5120 5197 3519 
6558 1168 6543 
4836 3511 2728 
4351 8386 4579 
3074 4824 3858 
5024 1043 3871 
4644 3492 8054 
5156 4717 5994 
4408 4066 4984 
4517 5840 2362 
4189 7161 228 
5108 5097 5648 
5207 7024 7619 
5209 1676 6256 
4799 4298 5755 
4150 430 3399 
6193 5040 3863 
4559 3032 7425 
4804 5631 5434 
5652 4865 4017 
4253 2035 3435 
8977 8244 7414 
5503 4429 2243 
4054 3914 1381 
4122 8944 765 
5317 571 4462 
3943 735 3190 
4965 6845 1163 
6083 1915 6343 
3973 5419 5412 
5062 8082 8154 
1860 3875 6430 
4716 1733 6623 
4105 1107 3306 
3931 4668 4514 
6200 1041 6263 
4924 1864 4905 
5226 4487 8537 
5119 7937 4039 
885 7717 967 
6255 1041 1046 
5553 5391 4355 
6097 2116 4355 
5070 4712 4733 
4322 4311 7328 
4843 3024 4865 
4340 5162 458 
4920 5168 4145 
5149 4448 1724 
3952 2096 4431 
5709 8627 3452 
5676 860 7140 
6008 2702 4407 
4379 4383 4008 
4259 8576 6761 
4453 3345 4051 
4555 1150 4609 
4772 4761 4753 
4102 119 4618 
6113 6665 2171 
5436 5776 8973 
4161 2747 6779 
3428 5310 3393 
2928 4536 1182 
5828 8698 3771 
5655 8468 3187 
5722 3998 6070 
4770 619 1205 
4791 1502 7668 
5356 2318 5889 
4962 2998 3929 
5619 2271 6829 
4337 5016 5909 
4688 4290 8458 
4827 4212 4448 
5613 3403 1644 
7487 1503 7984 
4567 4465 4305 
4172 3160 2368 
4744 3940 5895 
6203 5534 5178 
4535 1679 4433 
4381 8414 4110 
7478 3114 4257 
2846 1490 3947 
4810 4444 3015 
5603 3375 6960 
4428 5873 8134 
4433 1108 1888 
5042 6171 1556 
1401 6671 4898 
6192 4849 3608 
4976 7540 4588 
4669 8529 4127 
4937 5662 1042 
5554 6877 6039 
4021 3145 3160 
5012 2172 1203 
4898 4208 3448 
4185 4987 3888 
4901 6255 1754 
5316 5482 2684 
4056 6419 1750 
4583 7912 7160 
5986 8138 5351 
5168 1740 3429 
6035 4124 1156 
2082 4616 4813 
5492 3407 7825 
287 6280 6576 
5317 7755 370 
4969 4935 55 
7631 7583 1022 
4658 4164 5222 
4959 4972 3338 
4950 4998 4990 
8133 8326 8524 
467 7653 764 
2476 82 7004 
4099 6923 3041 
5052 3795 3478 
4844 3117 4321 
5297 1212 2036 
4197 724 5105 
4314 3479 3983 
7069 377 4766 
4579 7748 4351 
4749 1807 633 
7095 3041 7432 
970 6976 58 
4641 4032 3604 
3150 4500 741 
4871 5509 7167 
4715 1441 3100 
4516 5247 8301 
5490 2770 1193 
6077 5102 3238 
5649 595 2609 
5523 4678 4709 
5143 4654 6292 
8098 8563 2846 
5800 717 1437 
6087 483 7943 
4420 3618 6988 
5505 7028 6902 
4853 7765 6495 
4769 8234 4780 
4053 1705 7720 
4258 3697 5548 
6260 6519 1189 
5751 3732 6855 
5570 7284 3051 
3616 6657 4613 
5001 7945 2012 
6096 1982 4908 
6187 4909 5681 
4342 8467 3445 
5348 4035 2768 
4009 3894 7248 
4106 4300 2774 
1321 8429 7481 
2559 7350 1506 
4171 1763 4111 
4714 4314 1268 
5026 2753 8195 
4088 1379 7090 
5798 2264 7519 
3964 5388 2389 
4164 7199 6584 
5068 1728 7712 
5151 2517 4096 
6170 422 846 
5823 7077 7096 
5957 8122 3463 
4662 4439 4016 
4690 8977 723 
2069 4750 1460 
4273 6359 1131 
6146 3053 7646 
4176 5682 367 
5036 4094 4358 
8770 7076 2751 
4818 4377 3875 
5743 5482 59 
3109 7081 2466 
6054 6184 4003 
6131 239 6206 
5509 2983 5245 
6157 5073 1239 
4241 5561 1454 
4844 7098 166 
5216 5076 664 
5155 1995 2228 
4783 4625 3115 
3511 3130 7654 
365 4993 6403 
1269 8996 1991 
5141 4295 8279 
8254 2021 8260 
6442 5662 2779 
5231 3213 1114 
4094 3929 601 
5067 5839 3377 
5474 92 32 
4634 7559 2359 
4758 2776 6957 
4199 2431 2844 
4549 2712 256 
5622 7032 4083 
6613 4149 8464 
4840 8757 5293 
6023 7806 2104 
4400 7437 4719 
3930 3928 4916 
149 2658 5979 
3948 2772 4401 
4431 1716 6600 
5769 7997 2952 
4141 6614 3963 
4095 4897 4417 
5396 3480 3307 
5699 2887 2056 
4839 848 88 
5017 827 2526 
6189 2041 8248 
5725 84 522 
4546 2832 8658 
426 2640 3581 
5601 2422 8999 
4945 8410 4397 
5061 5482 8323 
5659 6023 8159 
4180 4165 1686 
4326 518 8371 
5080 6675 2037 
4996 7371 2945 
6076 4184 3507 
4157 5838 4008 
4484 2008 7663 
5126 5783 5613 
5794 7786 5787 
6272 242 2239 
5182 5207 3445 
5737 1348 3210 
4448 1724 3911 
4998 5009 5711 
5197 8123 1480 
6181 6139 4723 
5301 3771 6464 
3924 958 4361 
4124 8439 903 
6203 7128 4527 
4866 4792 5010 
4143 7204 4641 
4814 1402 6327 
5345 5335 2699 
5049 2149 3651 
5705 2125 6613 
3956 2322 8644 
5201 6668 1352 
5424 4617 7690 
4447 5416 3128 
5681 3997 6199 
5459 2365 8868 
5552 7669 6845 
8578 369 8166 
5783 278 8850 
7820 317 7846 
4043 3429 8251 
4823 7877 1024 
4999 5006 4974 
5030 664 2401 
4609 7157 7572 
5035 3319 7854 
5900 5108 7257 
5643 262 6426 
4954 8498 3665 
4681 3835 4148 
4515 6749 1235 
5894 4789 2005 
4786 2252 8037 
6026 7558 3328 
4065 1429 7558 
5602 5377 4581 
2104 4775 6214 
4237 8289 6026 
4311 5631 3087 
4885 4969 4935 
4943 4963 4896 
5309 4563 984 
6223 244 4515 
4491 4447 4437 
4730 4174 1739 
3754 4206 420 
5129 5047 5675 
5179 8392 3281 
4115 1381 7133 
4974 4999 4904 
4130 7142 5850 
4517 1490 5775 
4530 1513 7599 
4845 1003 5966 
4537 2817 2898 
5160 4137 3853 
4987 4185 6188 
5801 2449 7835 
5558 7710 2025 
5002 4850 3066 
4699 5057 5636 
4261 1714 3694 
4449 754 2855 
4857 3781 8013 
6213 2953 6278 
6112 1749 1466 
5631 4311 1589 
5689 4987 4339 
6104 4709 1716 
4378 7206 3513 
8027 8108 6725 
4276 1522 8203 
5484 1889 6755 
5687 8389 6065 
5614 6818 1337 
4128 3663 8815 
4637 3343 7986 
5191 3089 99 
4038 7696 4789 
4904 4878 4786 
4678 5523 5811 
5612 7621 1570 
4750 4513 6319 
4986 7637 7423 
4495 1566 8234 
5716 8803 2331 
5308 873 1197 
4560 6891 1041 
5081 4283 8294 
163 2254 5782 
5298 2439 7511 
5680 7473 1397 
5640 5590 3104 
4244 1478 7013 
5386 4839 4959 
5489 6092 7517 
5829 2200 8099 
4713 7452 6516 
5959 3415 3388 
5121 5113 5223 
3614 1009 2247 
5225 3283 7456 
5182 7511 3140 
5561 3763 5245 
5388 3964 7192 
4214 7341 1359 
6051 3066 4889 
4076 3902 6575 
5663 149 4278 
5416 2905 4468 
3946 4056 3605 
4108 8300 2385 
4841 7952 4800 
4456 2984 8015 
6060 2988 49 
3818 1017 224 
5811 5300 6612 
5820 2743 2209 
6023 7324 1727 
5688 6175 8329 
3893 1190 7981 
5313 1450 2125 
2865 8314 6863 
5078 1965 1629 
5150 8465 8766 
5058 7745 5030 
5889 8435 1892 
4333 4719 5639 
3982 3979 1073 
5717 8533 1705 
4488 7267 3778 
5694 5325 4247 
6202 7359 1876 
4471 5268 921 
4227 7429 2053 
4803 6647 8834 
6119 6118 1368 
4179 4174 1739 
5220 2795 7561 
4950 3984 2357 
4835 3888 6191 
7203 5615 1693 
5169 7877 4077 
5044 5028 5237 
6195 505 3281 
6089 4323 6348 
6129 6490 3176 
2283 4294 4412 
4277 6059 4831 
6176 2187 6876 
5679 5671 4484 
5402 5415 5392 
5325 7264 4290 
5212 6077 4205 
5611 1042 436 
6187 1459 5271 
7847 2342 4824 
6419 4115 8213 
5183 952 7322 
4502 4226 7984 
4538 3775 987 
5056 6583 205 
336 6160 8217 
5672 3003 2909 
5311 5235 4455 
4703 1131 3970 
4855 3000 6829 
4208 1489 7437 
142 178 8256 
5684 1227 6913 
4406 7902 6387 
5607 1217 6065 
5796 2097 5683 
5627 5103 5742 
4335 3466 7666 
4375 865 7334 
5742 4310 7695 
5791 4624 7495 
5410 5790 7852 
5298 7649 2788 
5541 1092 5651 
5254 3378 3688 
2911 7416 5255 
5380 3838 3361 
5581 8675 391 
4531 4379 1742 
2001 1053 104 
5950 3267 4922 
5901 5234 4274 
4309 4081 1260 
4431 3952 8438 
4401 2620 3755 
4231 330 2437 
6237 877 1757 
5117 4044 5907 
5409 4517 1433 
5939 2450 2180 
5930 4333 2442 
6853 1351 2820 
4680 4384 5853 
7604 5614 4542 
4417 833 4897 
5103 7360 5088 
5391 5553 4355 
5184 302 3448 
4953 6036 7875 
5084 6937 143 
6351 5655 3220 
5267 2902 4626 
6215 698 8108 
4925 6712 3765 
6180 5300 3535 
5264 1262 8335 
6268 8272 1388 
4155 611 702 
1468 7037 7321 
5819 8438 8627 
5010 2422 1732 
5702 1677 6129 
5593 4329 7706 
4794 4793 7315 
4543 2980 7068 
3962 4703 5772 
4736 4525 5183 
7756 2072 1460 
7529 232 6166 
5157 5162 458 
5731 1313 6877 
6207 4774 4575 
4290 3234 8459 
5764 1227 5716 
5559 4789 2037 
5124 4102 6654 
4820 5426 7191 
3528 8183 6343 
4460 1513 1684 
5240 8225 1411 
5595 817 1777 
5726 7377 7981 
6127 511 2476 
5028 5044 2206 
4845 1723 6012 
5394 2262 3015 
2100 8426 4102 
4874 1982 4259 
5987 7787 1102 
3158 4383 4531 
1254 1634 1466 
4186 5895 4195 
5021 12 4848 
2783 8819 6276 
4967 4924 796 
5008 1482 4326 
4802 6761 6199 
4492 1412 6426 
4445 4509 7737 
5625 1372 6978 
5890 4491 4447 
4944 414 1896 
3565 4682 3705 
4055 8606 1108 
4647 7199 4164 
5721 6819 3002 
3831 5142 677 
6074 3210 1965 
4776 5315 527 
6236 2960 2777 
5177 1703 504 
4521 5609 8095 
4936 3983 7165 
5888 4215 1075 
3942 3645 625 
8477 4364 2785 
5224 7799 1457 
5562 2066 8855 
5387 1529 456 
6277 7482 8330 
5261 7562 2949 
5206 7666 3500 
4395 1264 1675 
5724 472 8187 
7355 1774 4147 
4796 1825 4293 
5153 4364 5570 
5394 2262 4444 
4859 6861 1990 
3859 3315 8247 
4107 243 5047 
5577 5441 5030 
5088 6914 4417 
4788 7989 6894 
4601 6922 8210 
5595 373 7303 
4884 6992 2872 
4177 8362 7584 
1994 7914 6749 
3164 6995 7496 
5774 3686 3148 
5342 415 4431 
5327 4376 4555 
5874 4116 1228 
669 4379 7490 
3890 7864 6202 
3875 3979 439 
4224 282 3503 
368 3023 3930 
4585 1785 7202 
4151 7980 5396 
5674 183 3728 
1229 5701 6901 
4677 4689 5909 
6166 5931 7673 
5605 4459 7728 
5266 8376 1293 
3089 3583 2861 
4798 1365 6532 
5606 3799 6516 
6244 630 6623 
3926 3928 7663 
6235 5682 1400 
5833 7630 2041 
5749 1825 6638 
4088 26 7852 
3860 3826 5357 
4764 1667 7274 
3879 3137 853 
5629 7607 1788 
3176 8035 6614 
5781 1356 5801 
4689 4677 5217 
4066 1665 4079 
4931 7972 1942 
5550 66 7020 
4694 3524 8751 
5537 2577 8169 
1691 5914 4235 
4727 6275 5837 
6046 7882 2737 
5838 2474 8362 
3987 2725 5339 
5610 3479 192 
5354 4579 6553 
4526 5622 1450 
4201 4054 5843 
5463 6467 7091 
5746 944 3563 
4421 373 6837 
4507 5143 3211 
6125 1577 3147 
8030 3118 4367 
4188 5086 171 
1890 7767 4167 
5805 6482 2768 
4614 5103 4851 
4215 6692 1594 
4205 6674 4788 
4250 3797 830 
6149 7703 4818 
6000 5745 6909 
5452 6337 404 
5527 3131 1321 
5756 5928 7073 
5495 1778 7078 
5940 8430 2116 
4190 403 5124 
5318 1668 4223 
4427 2919 1036 
4262 271 4195 
6243 2048 7294 
4062 1266 3939 
3080 6018 479 
4189 4366 5910 
6173 6171 2567 
4478 4634 7511 
3277 3732 7047 
5597 5070 4038 
3885 6410 7907 
4673 999 5885 
6134 2056 7767 
4896 4879 5250 
6253 5669 417 
5086 6077 6934 
4895 369 256 
5112 2721 3511 
840 2213 1509 
5740 3202 671 
5144 3690 1806 
4544 5442 5626 
4622 2738 7177 
5579 5395 1569 
6211 5096 1567 
5813 6811 134 
4158 3797 1712 
6271 6283 8838 
6027 2247 1196 
5098 5051 4555 
6004 5638 7974 
5229 1293 1230 
5023 5146 4953 
4765 5497 4700 
7332 1585 7407 
1726 5147 66 
4245 8006 6676 
4851 4477 1630 
5598 7433 2122 
4862 4869 3676 
4017 2185 7446 
5039 7908 3042 
5060 4354 7185 
4912 4903 2930 
6326 7733 7058 
5430 2111 6467 
4100 8191 3473 
4403 7938 4851 
5882 4514 4590 
4748 4545 5361 
4663 4070 4236 
4405 7829 8382 
4758 4509 4382 
4125 6607 8584 
4835 2491 5901 
5507 3194 3250 
4536 4081 1574 
6687 5923 6709 
7721 983 965 
4914 3629 2561 
1756 5965 5748 
4528 21 7411 
5322 6052 2948 
4476 7465 4584 
5013 4992 4943 
6001 3297 6256 
3833 4291 7873 
5516 3367 7166 
6318 8469 1422 
3858 586 3733 
4137 7199 5358 
5116 8457 1754 
4732 3404 5375 
4222 6654 4849 
5541 1364 1992 
4573 1145 3024 
4600 1770 4641 
5633 6993 1995 
5363 3732 5751 
1912 6343 2059 
4821 2726 34 
5064 5466 1240 
6265 5772 7612 
4992 4943 4963 
4324 4188 4167 
6227 2818 8512 
4639 2547 327 
5591 2398 3799 
5040 3863 3916 
6252 7382 4556 
6010 7901 7109 
6266 103 4038 
5767 3171 6716 
5927 33 2506 
5341 1183 3366 
4101 119 2413 
4908 4909 8114 
4399 7905 16 
2066 6508 1181 
4480 5396 2531 
4225 5580 3932 
6659 7228 4595 
4147 5211 4859 
4119 480 5130 
5897 1478 4210 
5235 6124 7850 
5334 4979 533 
4060 4310 1196 
5350 1675 2959 
6222 8216 1569 
6208 4695 1529 
5411 8602 4429 
5733 6083 2717 
4676 4616 5553 
4618 7161 4641 
1257 6285 912 
4525 108 5143 
3197 8350 1423 
5051 2239 6858 
5775 1675 6088 
3863 5040 4618 
6234 679 1908 
5438 1730 4989 
3966 3965 8472 
4829 3501 7324 
5333 7798 843 
4234 4042 6430 
4495 7064 7774 
5571 2869 857 
4765 3104 2737 
4800 5785 5736 
6018 3267 2116 
3118 2016 7330 
5331 6812 1343 
2234 1067 6673 
3831 5142 3859 
5525 5827 1329 
5928 7865 5756 
4740 7942 6922 
5832 8696 8643 
8448 8378 1464 
3140 4726 3155 
5324 8073 5670 
5488 3745 3389 
5803 8843 3219 
4496 8133 5000 
5471 2297 7678 
6251 6068 119 
4086 3760 8112 
6034 6806 5253 
4812 2361 8843 
535 3302 6963 
5952 6750 6534 
5822 7345 3050 
6151 7992 7083 
4270 2397 5239 
4687 6281 917 
5377 8159 3004 
4787 1428 7246 
5878 5192 473 
6188 303 4987 
5943 1028 1538 
6224 172 1251 
7233 8047 1310 
3568 2257 3190 
8464 4631 2706 
5342 6699 4892 
5015 1669 8224 
6043 2875 3444 
6233 1518 1286 
6269 2349 7408 
6217 812 1620 
4455 3470 8090 
6052 1493 5322 
5079 3513 7237 
4511 5099 2939 
6163 4175 5377 
7120 2747 4581 
4984 6020 1411 
5661 3594 3413 
5873 6642 6559 
4247 1522 5663 
3960 2338 8814 
4132 6687 8863 
5692 4467 537 
5027 8700 6950 
3983 8508 6306 
5462 5713 2842 
4939 7170 2191 
3957 6452 5319 
4063 7126 6630 
5802 157 604 
5752 6942 823 
4096 3307 6237 
4410 5378 5109 
4212 7945 4827 
4933 5075 8870 
5778 4164 1626 
4254 3978 2479 
3865 2549 4115 
4550 7008 4095 
5118 5111 5653 
4081 4087 1154 
4010 4575 8253 
6231 3926 3284 
6220 1040 3531 
5635 7233 2037 
4856 3704 3938 
4629 5840 8182 
4819 3463 4655 
4057 6396 5848 
5154 5298 6413 
4708 2136 269 
4287 6754 8609 
5810 3994 3884 
4458 3264 5077 
5135 5719 5075 
5994 7045 6209 
6218 7728 5605 
5747 1310 7926 
3855 102 8087 
5217 4677 5699 
5834 715 2600 
3139 1573 6087 
5753 5758 6514 
4932 8901 8898 
5730 90 5667 
4098 1733 4680 
5580 8174 70 
4075 4064 41 
4195 439 2100 
5647 8625 2342 
8101 4166 5383 
3949 7168 5032 
3869 3962 6450 
4109 8600 5292 
1122 6328 5171 
5421 5240 2257 
4710 2203 7472 
4755 5827 7842 
6099 3568 3370 
5161 5648 4210 
4508 737 2002 
5408 7914 3071 
4695 1427 1033 
4725 82 4603 
6094 6760 6176 
4893 1705 2250 
5056 4629 2115 
5187 8514 3458 
5037 4595 6449 
4763 4379 3913 
4256 5610 342 
5496 5746 6775 
4265 1362 4755 
5076 3721 5080 
5569 8378 3590 
5636 6704 1377 
5506 6328 7725 
6177 4519 6282 
4238 2238 8093 
2765 4268 2964 
4709 3535 7676 
